1.000000000000000000e+00 0.000000000000000000e+00 0.000000000000000000e+00
1.660205894074067434e-01 -9.861222864801388877e-01 0.000000000000000000e+00
-1.099672296736294852e-01 -6.638022180299087971e-01 7.397795778044164994e-01
9.012424663036988637e-01 4.191127582810763585e-01 -1.100295995487312883e-01
-1.690234097409436254e-01 6.010832590787402729e-01 7.811081888028221787e-01
-8.147108291121659684e-01 3.858630395795043522e-01 4.328463695283040757e-01
6.560354288465758410e-01 -3.660197693564737342e-01 6.600356388395427487e-01
5.822408063557067415e-01 -8.003310049906621204e-01 1.430591691045808578e-01
9.001886082265054823e-01 -2.590542794896277257e-01 3.500733493103077021e-01
6.932992221388377674e-01 6.983013821542694011e-01 1.780768605493696088e-01
3.568528281761464416e-01 9.236190852794377015e-01 -1.399422892847632660e-01
5.431406892126821040e-01 4.881264392924288265e-01 -6.831769690096903824e-01
-5.251444324725863533e-01 3.961089418650365901e-01 7.532071635463952752e-01
-6.392164121417636125e-01 -6.892333423093508493e-01 3.411154911429443715e-01
-3.299661815386110142e-01 1.299866806061195090e-02 -9.439032544013599146e-01
-5.240288194483857520e-01 7.830430691757368500e-01 3.350184296473459056e-01
6.087604975715903421e-01 6.497443774081011758e-02 -7.906889268458585640e-01
2.205589393824176347e-01 2.235665593739960544e-01 -9.494059973415885922e-01
-3.999318217972083062e-03 9.098448840886488309e-01 -4.149292618646036046e-01
-5.107010726005810630e-01 -6.266332131909283509e-01 -5.886554429975386915e-01
4.138365686838159085e-01 -7.367090576569380600e-01 5.347887982991340605e-01
-6.789310910857706549e-01 -1.389858902222711745e-01 -7.209268311529317685e-01
8.839487315009442181e-01 2.959828305025785644e-01 3.619790106146400510e-01
2.619951511315041781e-01 -4.319920118656863095e-01 8.629840337270539008e-01
8.798196565727549323e-02 -1.849620892794996141e-01 -9.787993661871898787e-01
2.939575288864684777e-01 9.068689665647173825e-01 3.019563688561682779e-01
8.870447968329220334e-01 8.900449468222104699e-02 -4.530228783825408501e-01
2.569769997032780862e-01 4.429603594885299644e-01 8.589231290082329773e-01
8.599286293446047058e-02 -8.669280493392700349e-01 -4.909592496258150529e-01
8.632546964809044709e-01 -5.041487479448155673e-01 -2.500737789805632799e-02
